[array([[1.32607410e+03, 7.73753601e+02, 1.41691858e+03, 8.12822571e+02,
        6.38437927e-01],
       [7.01461304e+02, 7.62957214e+02, 7.87384949e+02, 7.93205200e+02,
        3.54767352e-01],
       [1.48168079e+03, 7.79482910e+02, 1.55105017e+03, 8.14288086e+02,
        3.23455751e-01],
       [7.08724426e+02, 7.60922180e+02, 8.18219421e+02, 7.99629089e+02,
        2.71127105e-01],
       [1.82443250e+03, 1.14846439e+01, 1.92982788e+03, 5.80655746e+01,
        2.22469687e-01],
       [8.03597046e+02, 7.65540833e+02, 8.86301208e+02, 8.15928101e+02,
        2.12792635e-01],
       [1.83674719e+03, 2.19307728e+01, 1.91147266e+03, 5.76995659e+01,
        2.02058524e-01],
       [1.48946326e+03, 7.83036499e+02, 1.55805029e+03, 8.20497253e+02,
        1.79192021e-01],
       [1.93907471e+03, 6.66969910e+02, 2.12101978e+03, 7.12836304e+02,
        1.55761808e-01],
       [4.00635986e+02, 7.63861572e+02, 4.74006561e+02, 7.97877136e+02,
        1.51406929e-01],
       [7.89766113e+02, 7.72002808e+02, 8.82272400e+02, 8.22319458e+02,
        1.44631937e-01],
       [1.31750317e+03, 1.45440445e+02, 1.39751355e+03, 1.73679626e+02,
        1.03867836e-01],
       [1.99265027e+03, 6.63518372e+02, 2.13589526e+03, 7.07861511e+02,
        7.30566159e-02],
       [1.03647107e+03, 7.96124817e+02, 1.11362952e+03, 8.19301270e+02,
        6.74329326e-02],
       [1.05238721e+03, 7.92280029e+02, 1.12706897e+03, 8.17319580e+02,
        6.46239445e-02],
       [1.81863672e+03, 1.76976357e+01, 1.90454761e+03, 5.56583443e+01,
        5.87980822e-02],
       [1.33238757e+03, 1.41597290e+02, 1.40606665e+03, 1.71571243e+02,
        4.89906333e-02],
       [3.85971191e+02, 7.65872986e+02, 4.61746399e+02, 7.94765137e+02,
        4.50338572e-02],
       [7.61772827e+02, 7.59939880e+02, 8.88830688e+02, 8.14167053e+02,
        4.06341404e-02],
       [9.64961548e+02, 1.84887558e+02, 1.02775024e+03, 2.23676926e+02,
        3.81600969e-02],
       [1.92838440e+03, 6.53494202e+02, 2.14717456e+03, 7.14169739e+02,
        3.13641243e-02],
       [1.31638159e+03, 7.87227600e+02, 1.40846362e+03, 8.36031250e+02,
        3.10345218e-02],
       [1.01757135e+03, 8.01306580e+02, 1.08709131e+03, 8.24712341e+02,
        2.95135174e-02],
       [1.06442334e+03, 7.86626099e+02, 1.14491992e+03, 8.15327698e+02,
        2.85305753e-02],
       [1.71245154e+03, 8.04309204e+02, 1.78169873e+03, 8.26728638e+02,
        2.69107260e-02],
       [2.14886401e+03, 6.21037659e+02, 2.25688354e+03, 6.80652344e+02,
        2.47568451e-02],
       [9.54228516e+02, 2.00452499e+02, 9.97996155e+02, 2.35987671e+02,
        2.15425231e-02],
       [1.69422449e+03, 7.95118774e+02, 1.75413647e+03, 8.19294128e+02,
        2.00198945e-02],
       [4.06563629e+02, 7.64440674e+02, 4.98205688e+02, 8.00995728e+02,
        1.95275117e-02],
       [1.31604260e+03, 8.42163574e+02, 1.39843176e+03, 8.72862549e+02,
        1.86599642e-02],
       [4.06845093e+02, 3.24213623e+02, 4.71544128e+02, 3.71807709e+02,
        1.84434764e-02],
       [7.41324158e+02, 7.67638306e+02, 8.61475220e+02, 8.08918213e+02,
        1.44030815e-02],
       [1.04617615e+03, 7.90480896e+02, 1.11577869e+03, 8.13311646e+02,
        1.35051077e-02],
       [1.01679584e+03, 7.88200989e+02, 1.07936780e+03, 8.15576233e+02,
        1.33799510e-02],
       [4.29980286e+02, 7.68672668e+02, 4.97859711e+02, 8.10424316e+02,
        1.27737029e-02],
       [7.48379761e+02, 8.18445251e+02, 8.39201416e+02, 8.52291382e+02,
        1.26111088e-02],
       [3.97018738e+02, 3.21565887e+02, 4.53385254e+02, 3.63567566e+02,
        1.25659481e-02],
       [1.31775073e+03, 1.32620041e+02, 1.39998059e+03, 1.66260468e+02,
        1.16338842e-02],
       [9.67425537e+02, 1.82859558e+02, 1.01225409e+03, 2.16111328e+02,
        1.09248003e-02],
       [1.31788477e+03, 7.58076599e+02, 1.41382776e+03, 7.96199463e+02,
        1.07369609e-02],
       [9.34082214e+02, 2.18224350e+02, 9.89857544e+02, 2.61149017e+02,
        1.03868200e-02]], dtype=float32)]
