[array([[1.32623743e+03, 7.74655762e+02, 1.41594617e+03, 8.11788574e+02,
        6.60809100e-01],
       [6.97756775e+02, 7.60633362e+02, 7.84029480e+02, 7.90937134e+02,
        3.73045564e-01],
       [8.07664429e+02, 7.66085449e+02, 8.83055115e+02, 8.16170654e+02,
        1.65746331e-01],
       [4.03142059e+02, 7.63347168e+02, 4.78878845e+02, 7.97944580e+02,
        1.14306480e-01],
       [1.69295410e+03, 7.95425659e+02, 1.75690100e+03, 8.19634705e+02,
        1.11430697e-01],
       [7.01581055e+02, 7.63878174e+02, 8.01535156e+02, 7.96363037e+02,
        1.10285960e-01],
       [1.96910156e+03, 6.67815796e+02, 2.12416406e+03, 7.09083374e+02,
        1.03890017e-01],
       [1.70099829e+03, 8.00998291e+02, 1.77441187e+03, 8.24520508e+02,
        9.79380086e-02],
       [1.31400940e+03, 1.45185898e+02, 1.39581152e+03, 1.73185608e+02,
        9.54659432e-02],
       [1.80225647e+03, 6.61653614e+00, 1.91799780e+03, 5.15110817e+01,
        8.85391980e-02],
       [1.84523694e+03, 2.15287762e+01, 1.91500793e+03, 5.44174423e+01,
        7.63071850e-02],
       [1.83263953e+03, 1.08346920e+01, 1.92887451e+03, 5.35762711e+01,
        7.56559893e-02],
       [1.47334290e+03, 7.81437134e+02, 1.55038379e+03, 8.15438538e+02,
        6.84363768e-02],
       [1.32842151e+03, 1.41584686e+02, 1.40681360e+03, 1.72138306e+02,
        4.18461300e-02],
       [1.48773975e+03, 7.84368286e+02, 1.55869299e+03, 8.23961304e+02,
        3.98196429e-02],
       [1.71201111e+03, 8.06343811e+02, 1.78789783e+03, 8.31735046e+02,
        3.37047465e-02],
       [1.69025403e+03, 7.87174683e+02, 1.75297791e+03, 8.17323730e+02,
        3.29990312e-02],
       [1.31752759e+03, 7.81141602e+02, 1.40887427e+03, 8.25335510e+02,
        3.10718063e-02],
       [1.81557727e+03, 1.10119362e+01, 1.90499463e+03, 4.72161751e+01,
        3.01873218e-02],
       [1.31061255e+03, 7.62149902e+02, 1.40837061e+03, 8.01257690e+02,
        2.95566469e-02],
       [9.66072205e+02, 1.75374893e+02, 1.03667798e+03, 2.19843750e+02,
        2.79650576e-02],
       [4.15277344e+02, 7.62940186e+02, 5.00807312e+02, 7.99871948e+02,
        2.58217249e-02],
       [1.69823376e+03, 7.88941101e+02, 1.76611047e+03, 8.15522827e+02,
        2.37644371e-02],
       [4.01875824e+02, 3.25278564e+02, 4.67720978e+02, 3.71731293e+02,
        2.19047181e-02],
       [7.67922302e+02, 7.54934143e+02, 8.89435364e+02, 8.11961792e+02,
        2.08061840e-02],
       [3.80193268e+02, 7.65531067e+02, 4.59456024e+02, 7.94822144e+02,
        1.92095507e-02],
       [1.67184766e+03, 7.80918152e+02, 1.73347583e+03, 8.14766296e+02,
        1.74806435e-02],
       [1.02716345e+03, 7.91601440e+02, 1.09568945e+03, 8.16585754e+02,
        1.65658295e-02],
       [1.84404272e+03, 8.82965012e+01, 1.94640576e+03, 1.50471970e+02,
        1.46005955e-02],
       [2.13573560e+03, 6.30477600e+02, 2.25450928e+03, 6.79627014e+02,
        1.44698862e-02],
       [1.01514844e+03, 8.06786377e+02, 1.08707898e+03, 8.33079468e+02,
        1.28998002e-02],
       [1.01635748e+03, 7.84672180e+02, 1.08174365e+03, 8.14599854e+02,
        1.27236936e-02],
       [1.02962195e+03, 8.01774902e+02, 1.11154883e+03, 8.26106934e+02,
        1.27033675e-02],
       [1.31190051e+03, 8.45507202e+02, 1.39469739e+03, 8.73639709e+02,
        1.26992147e-02],
       [3.38046356e+02, 7.59678223e+02, 4.30600708e+02, 7.92736450e+02,
        1.23663312e-02],
       [3.26063721e+02, 7.71235168e+02, 3.96290375e+02, 7.95636719e+02,
        1.21678840e-02],
       [2.16172974e+03, 6.35264587e+02, 2.26687476e+03, 6.84638062e+02,
        1.16982879e-02]], dtype=float32)]
