[array([[-5.7366615e+01, -8.6153908e+01,  2.2259834e+03,  1.0909899e+03,  2.4279605e-01],
       [ 3.0477289e+02,  4.9133765e+02,  2.3576460e+03,  1.1153649e+03,  1.2557481e-01],
       [ 1.9183949e+03,  6.0114752e+02,  2.2181030e+03,  7.0439783e+02,
         8.3149612e-02],
       [ 1.7981674e+03,  5.9966327e+02,  2.1372141e+03,  7.0982153e+02,
         6.0483977e-02],
       [ 1.9229225e+03,  5.7144818e+02,  2.2131038e+03,  6.6737598e+02,
         5.5422530e-02],
       [ 2.6897910e+02,  6.0918311e+02,  4.6715829e+02,  7.5229559e+02,
         5.0343305e-02],
       [ 1.8771892e+03,  5.9628308e+02,  2.1502141e+03,  6.9766644e+02,
         4.1021809e-02],
       [ 6.5109399e+02,  7.4914925e+01,  2.4020208e+03,  6.9118011e+02,
         3.8482990e-02],
       [ 2.9427347e+02,  4.8217850e+02,  5.4572778e+02,  7.8588116e+02,
         3.6632147e-02],
       [ 6.7628162e+02,  7.1669598e+02,  8.6533832e+02,  8.1161041e+02,
         3.2725539e-02],
       [ 2.3367466e+01,  3.5541422e+02,  1.7849500e+03,  1.0648459e+03,
         3.2507803e-02],
       [ 1.7472664e+03,  5.9119202e+02,  2.0765820e+03,  7.2164838e+02,
         3.1124819e-02],
       [ 2.4842149e+02,  5.5650275e+02,  4.7625348e+02,  7.4603540e+02,
         2.4734668e-02],
       [ 1.1819587e+02,  1.6738670e+01,  2.1930864e+03,  7.8234210e+02,
         2.3363631e-02],
       [ 1.6817668e+03,  6.3313489e+02,  1.8880779e+03,  7.2911981e+02,
         1.9841846e-02],
       [ 2.1016899e+02,  4.6508560e+02,  1.6482960e+03,  1.1257501e+03,
         1.9073717e-02],
       [ 4.4538983e+02,  1.9651195e+02,  2.5905417e+03,  9.5450507e+02,
         1.8735202e-02],
       [-2.6561566e+02,  3.4995991e+01,  1.5795658e+03,  1.0430056e+03,
         1.6386002e-02],
       [ 2.0352642e+03,  9.0536377e+02,  2.2497451e+03,  9.9218347e+02,
         1.4789272e-02],
       [ 1.9613291e+03,  7.1895502e+02,  2.2326448e+03,  8.2564331e+02,
         1.4684417e-02],
       [ 3.0565442e+02,  5.7324719e+02,  5.1552191e+02,  7.6743262e+02,
         1.4154558e-02],
       [ 6.5380505e+02,  6.9002246e+02,  8.4690332e+02,  7.7183606e+02,
         1.2144006e-02],
       [ 2.0164514e+03,  7.6578381e+02,  2.2338547e+03,  8.6118768e+02,
         1.1722982e-02]], dtype=float32)]
